205 202 206
211 202 206
202 205 206
206 211 208
204 202 208
208 206 218
204 202 208
206 211 208
204 215 208
202 203 204
204 208 203
204 208 203
204 208 203
205 206 211
204 208 203
204 208 203
204 208 203
204 215 205
204 208 202
204 215 211
206 204 211
206 211 208
204 206 205
208 211 206
208 213 205
208 213 205
208 206 213
208 202 205
208 206 205
205 202 203
205 202 203
211 206 205
205 202 203
205 202 203
211 206 205
208 218 205
206 208 211
208 218 205
208 218 205
208 218 206
205 208 206
206 208 213
205 208 206
206 208 213
208 206 211
202 208 211
208 205 213
205 208 211
202 208 213
208 205 213
208 206 205
208 205 206
208 206 205
208 206 211
208 206 211
208 206 205
202 208 211
206 208 211
208 206 211
208 206 205
208 206 211
208 205 206
208 206 211
202 208 211
206 208 211
208 205 213
208 206 205
208 206 211
208 205 206
208 206 211
202 206 208
208 206 211
202 206 208
202 206 208
202 206 205
206 213 218
206 213 218
208 211 205
202 208 211
202 208 211
205 202 211
202 206 205
206 218 213
202 206 205
206 218 208
218 206 205
204 205 211
215 208 211
202 206 204
202 206 215
205 206 208
206 208 213
202 205 208
202 205 208
215 202 208
202 206 208
208 211 206
208 206 211
208 205 202
208 205 202
208 205 202
205 204 211
205 202 211
205 208 213
205 204 211
205 204 215
205 206 211
205 204 202
206 208 213
206 208 213
215 202 204
206 215 211
204 205 202
215 202 208
205 206 213
205 211 202
208 205 202
208 204 211
218 213 211
208 205 202
215 206 202
202 206 213
205 208 211
208 206 211
208 211 202
206 205 202
204 205 202
206 208 213
204 205 202
205 202 206
215 208 206
206 208 211
208 202 205
206 213 211
208 204 211
202 213 208
202 206 204
202 215 208
208 211 206
202 206 208
206 211 202
206 211 202
208 206 205
208 205 206
208 205 206
206 208 211
202 206 215
208 206 205
208 206 218
208 206 211
208 206 218
208 206 218
204 208 211
208 213 211
215 204 202
204 208 211
208 205 211
208 206 213
206 208 211
206 208 205
205 206 208
206 205 208
208 206 213
205 211 202
205 211 202
206 208 202
206 208 202
215 208 204
208 205 211
202 215 208
215 205 208
205 202 213
205 202 213
205 206 213
205 206 208
208 206 211
206 208 205
206 208 205
205 204 206
202 206 205
202 215 208
206 205 208
206 205 204
206 205 211
206 205 211
206 218 208
208 206 211
206 218 208
206 211 208
206 204 211
213 218 208
206 205 204
208 211 206
202 215 208
206 208 205
206 208 205
205 202 204
206 205 211
206 202 205
206 205 211
208 206 218
205 206 202
202 215 208
215 208 206
202 215 208
208 202 206
206 208 205
206 205 208
206 208 213
208 203 215
206 208 205
206 208 213
206 213 218
206 213 218
202 211 206
206 208 213
208 211 205
211 205 208
206 205 202
206 205 208
215 202 208
215 202 208
206 213 218
208 206 211
206 208 205
208 211 205
208 211 205
206 208 205
206 208 205
208 205 211
205 206 213
211 215 205
202 213 206
208 206 211
205 206 202
208 206 218
206 211 202
202 211 206
208 211 206
206 205 211
206 211 213
206 211 213
215 204 202
208 202 206
205 208 206
206 204 205
206 204 205
206 204 205
202 206 213
205 206 202
213 206 202
206 208 205
205 208 211
205 211 208
206 202 213
205 211 208
205 211 208
205 202 208
211 208 215
205 202 208
205 204 215
208 205 206
206 211 208
213 205 206
204 205 206
205 206 202
205 202 211
205 202 211
208 206 211
208 213 211
208 206 205
208 205 211
206 211 205
205 211 208
205 211 208
202 206 205
206 211 208
208 206 205
208 206 205
205 208 206
206 208 205
208 211 205
208 206 205
202 215 208
208 206 205
205 206 202
208 206 205
208 211 205
208 205 211
205 208 211
205 208 211
206 205 211
202 206 205
202 206 205
208 206 205
206 205 211
206 205 211
202 205 206
202 206 205
211 208 205
208 206 211
206 213 208
206 213 208
208 205 206
208 206 211
202 206 205
202 206 205
202 206 205
202 206 205
205 206 202
205 206 211
205 206 211
206 213 202
208 206 205
208 206 205
213 202 206
206 208 205
206 208 205
206 208 205
213 206 218
202 206 205
208 206 202
202 206 205
204 206 202
215 208 205
202 213 206
205 206 208
202 206 208
204 205 211
208 213 211
202 206 205
208 205 202
208 206 202
208 211 205
215 208 206
205 204 202
208 206 211
208 205 206
213 206 208
208 205 206
208 205 206
213 206 208
206 205 213
206 205 213
205 206 208
205 208 211
208 206 211
205 208 211
206 215 211
206 215 211
208 206 202
208 206 202
205 211 206
205 213 206
208 206 213
204 202 208
204 202 208
206 202 205
208 206 211
208 206 211
206 213 202
206 213 202
208 205 211
206 208 213
208 206 211
206 213 208
204 211 205
205 208 215
202 213 206
202 213 206
206 208 203
206 208 203
206 208 205
205 202 215
206 202 208
206 208 202
206 205 204
202 206 208
205 204 202
215 208 206
206 208 211
206 208 211
206 218 213
215 206 208
202 206 213
208 206 215
205 206 208
205 203 208
202 206 205
205 206 202
206 213 218
206 205 203
205 206 202
206 208 213
208 215 206
202 211 205
205 208 206
205 208 211
204 205 206
208 206 205
208 206 205
208 206 205
206 208 205
211 208 205
206 205 208
208 205 211
204 208 211
206 213 205
206 202 208
206 205 215
218 208 202
206 208 205
206 213 208
206 208 205
206 208 205
206 205 211
206 208 205
208 205 206
208 205 206
205 206 208
208 202 215
215 208 206
208 202 215
208 206 202
206 208 211
206 208 211
206 205 208
211 205 206
204 205 211
213 206 208
204 205 211
204 205 211
215 208 204
205 204 202
206 215 204
208 205 206
208 206 213
204 202 211
206 208 205
208 205 206
208 205 202
208 206 205
215 208 205
215 208 205
208 206 205
202 206 211
204 205 208
206 208 205
204 205 208
205 204 208
206 208 211
215 208 205
206 205 208
202 206 211
211 204 202
206 208 211
205 204 211
206 213 202
202 205 213
208 205 203
208 205 206
215 202 206
206 213 202
206 213 202
206 213 202
206 213 202
204 205 211
213 206 218
205 211 206
206 213 202
206 213 205
205 208 211
205 208 211
205 208 211
206 208 213
213 202 206
206 213 202
205 208 211
205 208 211
208 206 213
215 208 204
202 206 213
215 208 206
206 205 208
206 205 215
208 211 205
205 211 208
205 211 208
205 208 206
206 208 213
208 206 211
205 202 213
205 208 211
202 206 208
206 213 202
205 208 211
206 208 205
208 206 205
206 208 215
206 202 211
206 205 204
205 208 211
204 205 211
202 206 208
202 206 215
205 208 206
206 202 211
205 208 206
206 205 213
202 204 205
208 213 211
205 211 208
205 211 206
206 205 208
206 208 205
205 218 211
205 206 208
205 211 208
208 206 202
206 208 205
205 211 206
205 211 206
205 218 213
206 205 208
208 211 213
205 208 211
208 213 206
206 205 208
208 205 206
206 203 208
206 218 213
208 206 205
208 206 205
206 205 208
206 205 213
208 205 206
206 202 203
208 206 205
208 206 211
202 213 206
208 218 205
208 205 203
205 206 211
208 205 203
206 208 213
205 208 203
206 208 211
206 205 208
205 213 202
208 202 205
206 202 215
202 205 211
208 205 213
206 202 213
206 208 205
205 202 213
204 206 202
206 211 208
206 211 208
206 208 205
206 211 208
215 202 208
205 202 213
208 211 206
211 205 206
208 205 206
204 206 202
204 206 202
208 206 202
204 205 202
206 208 211
208 206 202
208 205 203
208 202 206
206 208 213
206 208 205
206 208 213
213 218 206
206 213 208
208 206 205
202 211 206
206 208 205
202 211 206
208 211 206
202 206 213
213 206 202
202 204 206
204 215 205
208 206 202
202 204 206
202 206 208
202 213 206
208 206 205
204 202 206
202 205 204
208 206 205
208 206 205
206 202 213
204 211 205
211 213 202
204 202 206
211 213 202
211 218 213
213 206 208
204 202 206
205 211 206
211 213 205
202 208 206
208 206 205
211 206 208
206 208 205
205 206 204
208 206 205
206 202 215
215 202 208
206 205 208
206 213 202
206 208 211
206 202 215
206 208 211
208 206 205
205 202 206
205 211 213
211 208 205
202 206 205
202 206 205
205 206 208
205 206 208
206 205 213
205 206 208
208 205 203
206 215 205
205 211 206
205 206 208
211 213 202
206 205 215
208 205 211
206 211 204
206 205 208
205 202 211
206 202 215
204 205 211
206 208 205
208 205 206
204 206 208
204 206 208
208 205 206
204 206 208
204 205 208
204 206 208
204 205 211
205 211 206
208 205 206
206 202 205
205 213 202
205 213 206
208 206 205
206 208 205
206 208 205
202 205 206
204 205 202
202 206 213
208 206 205
204 205 202
206 213 203
206 208 211
206 208 211
205 211 204
215 206 208
204 206 205
208 205 206
208 205 204
208 206 205
202 215 208
205 206 211
213 206 218
206 202 211
206 202 211
205 206 208
218 206 213
206 208 202
208 206 205
211 215 208
208 211 204
208 211 204
206 203 213
206 203 213
208 205 204
208 205 204
208 205 204
205 211 206
206 208 204
205 208 211
211 208 205
211 208 205
208 213 206
206 208 211
206 218 213
206 218 213
206 218 213
205 206 208
206 205 208
206 202 211
205 206 211
202 208 205
208 206 205
202 208 206
206 208 205
204 202 208
204 205 208
206 208 218
206 202 208
206 208 218
213 206 208
202 206 205
206 211 204
202 206 215
215 205 206
218 206 211
206 213 211
206 213 208
206 208 205
206 213 218
208 206 205
215 208 211
208 205 203
202 206 213
206 208 202
215 206 208
204 205 206
206 213 202
202 205 208
202 205 213
208 215 205
202 208 213
202 206 205
204 202 208
204 202 208
202 206 205
211 208 205
202 211 204
208 206 211
208 206 205
211 208 205
205 211 202
206 204 215
208 205 202
208 206 205
208 204 202
206 211 204
208 211 206
211 215 213
204 208 211
205 208 211
211 202 205
202 208 205
206 208 205
206 213 211
204 205 206
205 208 213
208 205 206
202 206 215
218 206 208
208 211 205
213 205 208
205 202 211
202 211 206
206 202 205
202 211 206
202 206 211
206 208 205
205 206 208
215 208 204
202 206 208
206 208 202
206 215 208
202 206 208
205 206 208
205 211 206
204 205 202
205 211 206
211 208 205
204 206 202
205 208 211
206 208 218
202 205 211
208 206 211
211 205 206
211 208 205
208 205 215
205 208 206
204 205 206
205 208 204
211 205 206
208 213 211
208 206 205
208 206 205
206 213 205
213 206 205
202 206 205
202 206 205
211 206 208
215 204 202
206 202 205
203 206 205
206 213 202
208 205 213
206 205 202
206 203 208
206 202 205
206 208 205
202 206 208
206 208 202
206 205 211
206 205 211
205 211 206
206 202 205
202 206 213
208 206 211
208 206 205
208 206 213
206 213 205
213 206 205
204 205 206
206 204 215
208 205 202
205 206 202
208 211 205
205 211 208
205 211 208
206 208 213
206 208 213
215 208 206
208 206 211
206 208 211
204 202 208
208 206 213
208 206 205
208 206 205
208 203 215
208 205 206
204 215 205
211 206 208
206 202 208
208 211 206
205 208 206
211 206 208
208 205 206
208 206 213
206 211 208
208 206 202
202 208 204
206 202 208
202 206 213
208 206 215
204 208 206
206 211 205
204 205 215
205 211 208
208 205 211
208 205 211
208 205 206
206 208 213
205 211 208
202 205 206
208 206 213
206 208 205
202 205 206
206 208 205
208 206 211
208 206 205
206 208 211
208 206 205
206 202 208
206 205 213
208 206 202
211 213 218
208 206 205
206 208 213
202 208 205
213 218 206
206 211 208
211 205 206
211 208 205
208 202 206
204 202 211
208 202 205
206 205 208
215 208 211
208 202 205
208 206 205
204 208 205
208 202 205
206 202 211
206 208 211
208 206 218
206 205 208
208 206 205
206 213 205
208 202 211
205 206 202
206 213 205
208 206 205
215 204 205
202 205 206
208 206 218
202 206 213
208 202 211
205 202 211
205 208 206
206 208 211
206 208 211
215 204 211
211 215 204
218 208 202
205 206 211
205 206 213
206 205 208
211 218 208
208 206 211
206 208 211
213 202 206
211 205 213
211 205 208
206 205 211
206 213 211
204 205 208
208 206 211
202 213 206
208 205 206
208 205 211
202 211 206
202 215 213
211 202 205
206 208 205
215 202 208
202 206 205
215 202 208
204 202 215
204 202 215
204 202 215
204 202 215
206 218 213
202 206 211
206 205 208
202 206 208
204 213 206
206 208 213
215 208 206
206 205 213
215 208 206
208 211 206
204 202 205
208 206 211
205 202 213
206 203 208
205 206 208
205 208 206
211 208 206
206 208 213
213 202 208
206 213 211
206 205 208
202 213 206
206 208 213
205 204 211
202 213 205
202 213 205
206 213 218
206 213 218
206 208 213
202 213 206
208 206 205
215 208 211
213 206 204
205 208 211
205 206 213
208 206 205
205 206 213
208 206 211
202 211 208
208 211 205
202 208 213
206 205 208
208 206 218
204 206 205
206 213 202
206 208 205
202 206 208
205 208 211
205 208 206
202 206 213
206 202 204
211 206 213
206 213 211
205 206 204
206 205 211
205 206 204
202 204 206
206 208 211
211 202 205
204 215 211
206 208 211
215 211 202
206 208 205
208 205 211
206 202 205
204 205 206
208 206 213
208 206 213
202 206 205
208 206 213
205 206 211
202 206 205
208 211 205
206 202 205
206 213 208
202 206 205
206 202 205
202 208 204
202 206 205
208 205 206
208 206 202
206 213 211
206 218 208
206 213 208
206 208 211
215 208 205
206 208 211
206 208 211
202 208 215
202 206 205
206 208 213
206 202 205
202 206 205
215 208 211
202 206 211
215 204 202
202 206 215
211 202 205
202 206 213
206 208 218
202 206 213
206 213 211
202 215 208
206 211 213
208 202 211
208 202 211
204 202 215
204 215 205
204 205 206
208 206 204
206 213 205
205 211 206
208 206 202
206 213 202
202 206 213
208 206 213
206 208 205
206 208 205
206 205 202
211 208 205
202 206 213
208 206 213
208 206 205
215 202 204
206 205 202
205 206 208
206 208 205
208 206 205
204 215 208
213 206 208
206 208 211
208 206 213
208 206 213
215 208 211
202 206 208
205 206 202
202 213 208
202 206 208
205 202 215
215 208 206
208 206 205
206 208 213
208 206 205
202 206 208
202 211 208
215 208 211
206 213 211
206 205 211
202 204 208
205 202 208
204 205 202
204 205 211
202 211 205
205 206 215
206 208 213
206 202 204
206 213 208
204 206 205
205 211 208
208 205 211
208 205 211
218 213 208
202 206 205
215 208 205
202 206 205
202 205 211
215 204 208
202 206 205
211 206 213
205 206 202
205 206 211
205 206 208
202 206 205
215 204 208
206 208 205
206 213 202
206 208 205
206 213 202
208 202 205
202 205 206
208 205 206
206 213 202
202 205 204
206 205 202
206 208 205
206 208 213
204 213 206
202 213 205
215 211 202
206 204 205
215 208 211
206 208 202
206 213 208
206 204 205
202 213 205
206 205 208
213 206 204
208 206 205
208 215 206
204 208 206
202 213 205
202 206 208
208 206 211
208 206 211
208 206 211
202 208 215
211 218 213
206 213 202
206 213 202
211 218 208
211 208 205
213 206 202
206 208 211
211 206 208
206 204 213
208 206 215
208 211 206
205 208 206
205 206 208
206 218 202
211 204 202
202 206 208
208 206 211
206 205 211
206 205 211
205 202 208
202 213 206
206 205 211
206 213 202
205 202 208
208 215 206
211 205 213
206 202 205
208 202 206
202 206 205
206 213 202
206 213 202
208 206 213
206 208 205
206 211 213
211 206 213
204 215 208
206 208 213
208 206 203
208 206 211
206 205 211
215 204 202
205 206 202
205 206 208
205 208 206
211 206 213
215 208 206
208 211 205
208 202 206
206 211 208
208 206 211
208 206 211
215 208 206
205 202 206
208 206 211
206 202 211
206 205 211
208 205 203
206 208 202
208 206 211
208 205 213
206 202 208
206 208 202
206 213 202
202 213 206
218 208 202
206 208 202
206 218 208
206 213 208
213 208 206
202 208 211
213 208 206
215 206 208
206 202 211
211 206 208
208 202 213
208 211 213
208 211 213
202 215 213
215 206 208
208 206 211
215 202 211
206 213 208
206 208 205
206 213 208
211 206 208
206 213 208
215 204 208
206 208 205
208 202 213
206 205 208
204 202 206
208 206 205
208 205 211
206 208 205
208 211 213
206 208 202
206 208 205
205 202 206
205 202 213
202 205 206
215 208 211
206 202 211
215 208 211
206 208 213
206 208 218
208 206 211
206 213 211
206 213 211
206 208 218
206 202 211
205 208 206
206 213 202
206 208 211
206 213 202
206 211 213
202 206 208
206 213 208
204 215 208
206 208 211
204 205 206
205 211 202
208 205 213
211 206 202
208 206 202
208 206 202
208 206 213
206 213 205
206 213 208
206 202 205
206 213 202
206 208 211
208 206 211
204 208 202
206 208 204
204 208 202
206 202 208
206 202 211
205 208 202
208 211 215
204 206 202
206 213 218
208 206 211
204 208 206
206 213 218
204 206 205
206 213 205
213 211 218
215 205 208
202 206 208
206 213 208
206 218 208
204 205 206
215 205 208
202 206 208
206 208 205
206 208 205
206 208 205
205 211 206
208 206 204
206 208 204
206 208 205
204 202 205
206 211 205
206 213 205
202 206 204
208 206 205
206 213 205
213 206 205
206 208 202
213 206 202
208 211 213
211 208 206
206 213 205
215 208 211
202 215 208
208 202 205
202 206 204
213 206 205
213 206 202
211 208 205
206 213 205
204 205 202
204 206 205
206 213 205
205 208 202
202 211 208
206 208 205
202 211 208
206 208 213
215 208 211
215 208 211
204 205 202
208 205 202
205 211 206
208 211 206
206 208 211
202 213 206
208 206 205
208 206 205
206 202 213
208 213 206
208 211 205
202 208 206
206 218 208
206 208 211
202 206 211
205 206 202
206 205 208
215 206 208
202 206 211
202 208 206
206 213 208
206 202 205
206 213 205
206 213 218
206 213 208
202 213 206
206 213 211
206 213 208
208 206 211
208 206 211
206 208 213
206 208 213
208 202 205
208 211 213
218 206 205
208 211 206
206 208 213
206 208 213
218 206 213
206 213 208
202 206 213
208 206 205
206 213 202
208 211 206
204 202 206
206 204 213
205 208 206
218 206 208
213 218 206
206 213 208
206 202 211
204 215 208
206 205 213
206 205 213
208 206 211
206 202 215
208 211 213
206 211 213
213 218 206
205 208 206
213 206 202
208 211 205
208 206 211
206 208 211
202 206 208
206 213 218
206 208 202
206 215 208
206 213 202
206 211 205
206 213 218
206 208 202
208 202 205
208 205 206
206 204 205
205 211 213
206 211 205
206 205 218
213 206 208
208 205 202
206 208 202
205 206 218
202 208 206
205 206 202
205 211 206
202 206 211
